timestamp,source,sleepTime,isMusic,id,orientation,token,batteryLevel,usingPhone,reachability,username,location.course,location.floor,location.longitude,location.horizontalAccuracy,location.locationName,location.speed,location.verticalAccuracy,location.latitude,location.altitude,rotation.m31,rotation.m21,rotation.m11,rotation.m33,rotation.m23,rotation.m13,rotation.m32,rotation.m22,rotation.m12,attitude.x,attitude.y,attitude.z,rotationRate.x,rotationRate.y,rotationRate.z,acceleration.x,acceleration.y,acceleration.z,accelerometer.x,accelerometer.y,accelerometer.z,gravity.x,gravity.y,gravity.z,gyroscope.x,gyroscope.y,gyroscope.z,magneticField.x,magneticField.y,magneticField.z
24/12/19 11:33,APN,[],Not playing,B33BEF21-536A-4616-A8A4-572DA6602682,Portrait,0e77081b0d49a57da167d462458760545225931692ecf57aaba56c60f198d6a6,0.349999994,FALSE,Connected,,0,0,0,0,,0,0,0,0,-0.75017935,0.25064075,0.611890554,0.449819863,-0.484823376,0.750072181,0.484657496,0.837929249,0.250961363,-0.50616121,-1.030595884,-0.290648539,-0.001332841,-0.001445073,-0.00086389,-0.00390929,0.002343297,-0.001902223,-0.753982544,0.487167358,-0.451721191,-0.750072181,0.484823376,-0.449819863,-0.009342901,0.005832057,-0.011203386,0,0,0
24/12/19 11:38,BACKGROUND,[],Not playing,A7DD0DF0-A6A2-4EF7-9005-9BA9B51B3B3D,Portrait,0e77081b0d49a57da167d462458760545225931692ecf57aaba56c60f198d6a6,0.349999994,FALSE,Connected,,0,0,0,0,,0,0,0,0,-0.750542343,0.250258178,0.611602068,0.450372159,-0.48356545,0.750552714,0.483581603,0.838770092,0.250227004,-0.504723526,-1.030337116,-0.289954519,-0.001797738,0.001092503,0.000623102,-0.004162371,0.002366006,-0.002020299,-0.754714966,0.485931396,-0.452392578,-0.750552714,0.48356545,-0.450372159,-0.009041432,0.006977482,-0.00808589,0,0,0
24/12/19 11:38,APN,[],Not playing,1765B841-D543-4DE8-A622-840B082AC9FA,Portrait,0e77081b0d49a57da167d462458760545225931692ecf57aaba56c60f198d6a6,0.349999994,FALSE,Connected,,0,0,0,0,,0,0,0,0,-0.750503182,0.250479877,0.611559212,0.450083166,-0.48387742,0.750524879,0.483911097,0.838523924,0.250414848,-0.505079966,-1.030603925,-0.290277679,-0.00020905,-0.000589971,0.000841108,-0.004265547,0.002404392,-0.001302958,-0.75479126,0.486282349,-0.451385498,-0.750524879,0.48387742,-0.450083166,-0.008218781,0.006443252,-0.009627061,0,0,0
24/12/19 11:43,APN,[],Not playing,0577F176-13A8-49BA-A88A-EF1104A72845,Portrait,0e77081b0d49a57da167d462458760545225931692ecf57aaba56c60f198d6a6,0.349999994,FALSE,Connected,,0,0,0,0,,0,0,0,0,-0.751182854,0.249750569,0.61102277,0.450378239,-0.482811749,0.751034081,0.482580185,0.83935535,0.250197738,-0.503862679,-1.030613973,-0.28920799,0.001214691,0.003060634,-0.000259473,-0.003667116,0.002098262,-0.001418114,-0.754699707,0.484909058,-0.451797485,-0.751034081,0.482811779,-0.450378239,-0.006792658,0.010204168,-0.010611632,0,0,0
24/12/19 11:45,BACKGROUND,[],Not playing,F47FFD26-FE1B-40F0-8346-7A70BB70B30A,Portrait,0e77081b0d49a57da167d462458760545225931692ecf57aaba56c60f198d6a6,0.349999994,FALSE,Connected,,0,0,0,0,,0,0,0,0,-0.751676559,0.249419153,0.610551,0.450798929,-0.481428593,0.751669407,0.481417447,0.840247929,0.24944064,-0.502283898,-1.030575111,-0.28855515,0.001638566,0.001726797,0.002111908,-0.003610134,0.002351284,-0.002188742,-0.755218506,0.483718872,-0.453353882,-0.751669407,0.481428593,-0.450798959,-0.007727695,0.008737299,-0.009086972,0,0,0
24/12/19 11:48,APN,[],Not playing,9F46A5FE-FDC8-4C7E-BCB1-92F862CA1992,Portrait,0e77081b0d49a57da167d462458760545225931692ecf57aaba56c60f198d6a6,0.349999994,FALSE,Connected,,0,0,0,0,,0,0,0,0,-0.753754079,0.247413114,0.608803332,0.452190459,-0.476953745,0.753683507,0.476842225,0.843387127,0.247628018,-0.49718559,-1.030395984,-0.285350771,-0.003046093,-0.00194092,-0.000278198,-0.003777921,0.00220263,-0.002414703,-0.757461548,0.479156494,-0.454605103,-0.753683507,0.476953775,-0.452190459,-0.010985806,0.005302354,-0.010527209,0,0,0
24/12/19 11:53,APN,[],Not playing,3838F8EC-A003-4D56-AF03-EBCEFF5B50CC,Portrait,0e77081b0d49a57da167d462458760545225931692ecf57aaba56c60f198d6a6,0.340000004,FALSE,Connected,,0,0,0,0,,0,0,0,0,-0.753843427,0.247362182,0.608713388,0.452353805,-0.476532042,0.753852248,0.47654599,0.843640387,0.247335359,-0.496705859,-1.03033543,-0.285214089,0.000713005,-0.003189663,0.002351453,-0.00374645,0.003112644,-0.002510786,-0.757598877,0.479644775,-0.454864502,-0.753852248,0.476532072,-0.452353805,-0.00737376,0.003931092,-0.007992946,0,0,0
24/12/19 11:58,APN,[],Not playing,100772DE-4849-4206-A3FB-E835A7092166,Portrait,0e77081b0d49a57da167d462458760545225931692ecf57aaba56c60f198d6a6,0.340000004,FALSE,Connected,,0,0,0,0,,0,0,0,0,-0.754246235,0.246960536,0.608377337,0.45241797,-0.476031363,0.754129887,0.475847006,0.844040632,0.247315601,-0.496136453,-1.030435321,-0.284647775,-6.63E-05,-0.00073421,0.000876841,-0.003118396,0.002026707,-0.001851261,-0.757247925,0.478057861,-0.454269409,-0.754129887,0.476031393,-0.45241794,-0.008118646,0.006356699,-0.009522932,0,0,0
25/12/19 12:03,APN,[],Not playing,61D20383-94C0-4480-8473-514DD0CC74E2,Portrait,0e77081b0d49a57da167d462458760545225931692ecf57aaba56c60f198d6a6,0.340000004,FALSE,Connected,,0,0,0,0,,0,0,0,0,-0.754563272,0.246778727,0.608057976,0.452577978,-0.47527492,0.754511058,0.475191951,0.844519973,0.246938407,-0.495276484,-1.03050221,-0.284296441,-0.001615844,0.001551272,0.001244471,-0.003545821,0.002371043,-0.001904964,-0.758056641,0.477645874,-0.454483032,-0.754511058,0.47527492,-0.452577978,-0.009641176,0.00854129,-0.009155681,0,0,0
25/12/19 12:08,APN,[],Not playing,0313077C-53BD-4C11-BAA0-94DD5C68FC51,Portrait,0e77081b0d49a57da167d462458760545225931692ecf57aaba56c60f198d6a6,0.330000013,FALSE,Connected,,0,0,0,0,,0,0,0,0,-0.754414022,0.246683791,0.608281612,0.452989221,-0.474990785,0.754443228,0.475037098,0.844707549,0.246594623,-0.494953569,-1.03006184,-0.28413312,-3.57E-05,-0.000868837,0.000936439,-0.003293037,0.0030213,-0.002729774,-0.757736206,0.478012085,-0.455718994,-0.754443228,0.474990785,-0.452989191,-0.008064585,0.006266152,-0.009356484,0,0,0
25/12/19 12:16,APN,[],Not playing,388641D3-9E99-4055-9F23-35B616426DC5,Portrait,0e77081b0d49a57da167d462458760545225931692ecf57aaba56c60f198d6a6,0.330000013,FALSE,Connected,,0,0,0,0,,0,0,0,0,-0.754600048,0.246774644,0.608013868,0.452661872,-0.475049466,0.754602551,0.475053459,0.844647944,0.246766984,-0.495020267,-1.030473926,-0.284251204,-0.000162331,0.002874879,-4.37E-05,-0.003637135,0.002367467,-0.001912773,-0.758239746,0.477416992,-0.454574585,-0.754602551,0.475049496,-0.452661872,-0.008277104,0.010020143,-0.010354636,0,0,0
25/12/19 12:23,APN,[],Not playing,A5DD518D-5B41-4C36-B9D9-2F2DB098F71F,Portrait,0e77081b0d49a57da167d462458760545225931692ecf57aaba56c60f198d6a6,0.330000013,FALSE,Connected,,0,0,0,0,,0,0,0,0,-0.754315436,0.246521786,0.608469605,0.453328907,-0.474805057,0.754356086,0.474869668,0.844859242,0.246397302,-0.494742541,-1.029679977,-0.283908106,-0.000709001,0.000385545,-0.000599458,-0.003441095,0.002596676,-0.001764476,-0.757797241,0.477401733,-0.455093384,-0.754356146,0.474805087,-0.453328878,-0.008847287,0.007645935,-0.010942662,0,0,0
25/12/19 12:31,APN,[],Not playing,CFFCAA09-7E04-4CFC-B4B2-285E7309FA3B,Portrait,0e77081b0d49a57da167d462458760545225931692ecf57aaba56c60f198d6a6,0.319999993,FALSE,Connected,,0,0,0,0,,0,0,0,0,-0.754504502,0.246299833,0.608325005,0.453210056,-0.474874377,0.754383743,0.47468251,0.844884992,0.246669352,-0.49482127,-1.029811925,-0.283657806,0.000229686,0.001481554,-0.001545952,-0.003565788,0.002756059,-0.002432942,-0.757949829,0.477630615,-0.4556427,-0.754383743,0.474874377,-0.453209996,-0.00761238,0.008657138,-0.01183642,0,0,0
25/12/19 12:33,APN,[],Not playing,DCF24BA3-AD22-434B-8647-9087FDA7536E,Portrait,0e77081b0d49a57da167d462458760545225931692ecf57aaba56c60f198d6a6,0.319999993,FALSE,Connected,,0,0,0,0,,0,0,0,0,-0.754217148,0.246684253,0.608525574,0.453198135,-0.475052893,0.75427866,0.475150526,0.844672501,0.246496171,-0.495024156,-1.029762051,-0.284144806,-0.000524104,-0.002578056,0.000995927,-0.003030241,0.002730221,-0.00313133,-0.75730896,0.477783203,-0.456329346,-0.754278719,0.475052893,-0.453198105,-0.008400409,0.004662396,-0.009280317,0,0,0
25/12/19 12:38,APN,[],Not playing,D49A8616-F55A-41EA-B06E-E122F899162C,Portrait,0e77081b0d49a57da167d462458760545225931692ecf57aaba56c60f198d6a6,0.319999993,FALSE,Connected,,0,0,0,0,,0,0,0,0,-0.754315197,0.246222138,0.608591259,0.453534395,-0.474811316,0.754228652,0.474673808,0.844943106,0.24648717,-0.494749648,-1.029405191,-0.283554554,-0.001834892,0.00075636,-0.000222302,-0.004346788,0.0024378,-0.002031982,-0.758575439,0.477249146,-0.455566406,-0.754228592,0.474811345,-0.453534395,-0.010002567,0.007700264,-0.010685401,0,0,0
25/12/19 12:43,APN,[],Not playing,5E956484-D7F7-4F16-8BAE-FADE5348E59A,Portrait,0e77081b0d49a57da167d462458760545225931692ecf57aaba56c60f198d6a6,0.310000002,FALSE,Connected,,0,0,0,0,,0,0,0,0,-0.754339933,0.246214598,0.608563721,0.453533888,-0.474767208,0.754256845,0.474635124,0.844970107,0.24646914,-0.49469955,-1.029422202,-0.283537743,-2.20E-05,0.000960129,-0.002203993,-0.003906786,0.002543002,-0.001864552,-0.758163452,0.477310181,-0.45539856,-0.754256785,0.474767238,-0.453533888,-0.008173774,0.007945009,-0.012595154,0,0,0
25/12/19 12:48,APN,[],Not playing,2F8C9AB9-76A8-4C49-BE2B-147DA5C754B8,Portrait,0e77081b0d49a57da167d462458760545225931692ecf57aaba56c60f198d6a6,0.310000002,FALSE,Connected,,0,0,0,0,,0,0,0,0,-0.75409025,0.246169105,0.608891249,0.453868866,-0.4747774,0.754048645,0.474711299,0.844977617,0.24629657,-0.494711105,-1.028974151,-0.283485757,0.00202214,0.001890923,0.000716283,-0.004359186,0.004058808,-0.002338171,-0.758300781,0.478668213,-0.456298828,-0.754048645,0.4747774,-0.453868866,-0.006127135,0.008878979,-0.009670204,0,0,0
25/12/19 12:52,BACKGROUND,[],Not playing,87EBCBFC-D5FB-462B-AF50-354C1B821476,Portrait,0e77081b0d49a57da167d462458760545225931692ecf57aaba56c60f198d6a6,0.310000002,FALSE,Connected,,0,0,0,0,,0,0,0,0,-0.754034281,0.246126726,0.608977854,0.454056263,-0.474620044,0.754035115,0.474621296,0.845078409,0.246124312,-0.494532296,-1.02878373,-0.28340749,-0.001535355,0.000809533,-0.000202169,-0.004372716,0.002232522,-0.002852619,-0.757598877,0.477035522,-0.456832886,-0.754035056,0.474620044,-0.454056293,-0.009599098,0.007804926,-0.010641193,0,0,0
25/12/19 12:53,APN,[],Not playing,913BDA59-A1D0-4423-A409-EB3D39FA9D1C,Portrait,0e77081b0d49a57da167d462458760545225931692ecf57aaba56c60f198d6a6,0.310000002,FALSE,Connected,,0,0,0,0,,0,0,0,0,-0.754130781,0.246241316,0.608811915,0.45383364,-0.474661469,0.75414294,0.474680722,0.845021725,0.246204242,-0.4945794,-1.029063704,-0.283550506,-0.000387345,-0.001879841,0.001981308,-0.004081309,0.001504123,-0.003258824,-0.758224487,0.476165771,-0.457092285,-0.75414294,0.474661499,-0.45383361,-0.008522915,0.005144162,-0.008552476,0,0,0
25/12/19 12:58,APN,[],Not playing,5B68D2A6-5F5F-4D6A-9CDA-D63B101D62E9,Portrait,0e77081b0d49a57da167d462458760545225931692ecf57aaba56c60f198d6a6,0.310000002,FALSE,Connected,,0,0,0,0,,0,0,0,0,-0.754223764,0.246109381,0.608750045,0.453800142,-0.47467947,0.754151762,0.47456497,0.845050037,0.246330038,-0.494599792,-1.02910142,-0.283397566,0.001207916,-0.000486143,0.001890328,-0.003462851,0.001944363,-0.001628578,-0.757629395,0.4765625,-0.455276489,-0.754151762,0.47467944,-0.453800172,-0.006941796,0.006523946,-0.008647018,0,0,0
25/12/19 1:00,BACKGROUND,[],Not playing,2E09954A-905B-4B8C-A4C8-CDDB3E139046,Portrait,0e77081b0d49a57da167d462458760545225931692ecf57aaba56c60f198d6a6,0.310000002,FALSE,Connected,,0,0,0,0,,0,0,0,0,-0.754044414,0.246119335,0.608968258,0.454068005,-0.474585861,0.75404942,0.474593908,0.845099688,0.246103868,-0.494493495,-1.028780741,-0.283392664,0.000894816,-0.001561882,0.00094427,-0.003427446,0.002907455,-0.001055777,-0.757949829,0.477294922,-0.456115723,-0.75404942,0.474585891,-0.454068035,-0.007264304,0.005442702,-0.009599364,0,0,0
25/12/19 1:03,APN,[],Not playing,D463BDD7-C55B-49E5-BF51-5F8EEEB13E65,Portrait,0e77081b0d49a57da167d462458760545225931692ecf57aaba56c60f198d6a6,0.300000012,FALSE,Connected,,0,0,0,0,,0,0,0,0,-0.754086137,0.245957687,0.608982027,0.454069942,-0.474690825,0.753982306,0.474525899,0.845087886,0.246275678,-0.494612719,-1.028739549,-0.283220093,-0.000757912,0.000796795,0.001155986,-0.003982544,0.001978368,-0.001359284,-0.757965088,0.476669312,-0.455429077,-0.753982306,0.474690825,-0.454069912,-0.008853412,0.007817177,-0.009085108,0,0,0
25/12/19 1:11,APN,[],Not playing,65F1434B-E610-4429-B1AD-2B4F0DDDB25B,Portrait,0e77081b0d49a57da167d462458760545225931692ecf57aaba56c60f198d6a6,0.300000012,FALSE,Connected,,0,0,0,0,,0,0,0,0,-0.75419569,0.246134743,0.608774662,0.453846931,-0.474626809,0.754156828,0.47456494,0.845072269,0.246253952,-0.494539979,-1.029058877,-0.283418188,-0.002093193,0.002979628,0.000854442,-0.003685653,0.002545714,-0.00326103,-0.758010864,0.477142334,-0.457305908,-0.754156828,0.474626809,-0.453846902,-0.009996441,0.010107229,-0.009474995,0,0,0
25/12/19 1:18,APN,[],Not playing,79EB64DF-2D66-49A9-B207-DEB14836A6AC,Portrait,0e77081b0d49a57da167d462458760545225931692ecf57aaba56c60f198d6a6,0.300000012,FALSE,Connected,,0,0,0,0,,0,0,0,0,-0.753901541,0.246150449,0.609132528,0.454132408,-0.474747539,0.753908932,0.474759221,0.84499985,0.246127978,-0.494677198,-1.028635706,-0.283458334,-0.001768981,-0.002099891,-0.001106961,-0.003385127,0.001494676,-0.001479506,-0.757293701,0.476242065,-0.455612183,-0.753908932,0.474747568,-0.454132408,-0.009723734,0.005047223,-0.011328022,0,0,0
25/12/19 1:26,APN,[],Not playing,0CBD100D-21F8-459D-8FEA-4283749B7402,Portrait,0e77081b0d49a57da167d462458760545225931692ecf57aaba56c60f198d6a6,0.289999992,FALSE,Connected,,0,0,0,0,,0,0,0,0,-0.753969371,0.246019289,0.609101593,0.454229414,-0.474587768,0.753951013,0.474558681,0.845127761,0.246075377,-0.494495641,-1.028566003,-0.283274626,0.000930961,-0.00059365,0.001965214,-0.003967762,0.002233863,-0.002558053,-0.757919312,0.476821899,-0.456787109,-0.753951073,0.474587768,-0.454229414,-0.007264837,0.006278402,-0.008433432,0,0,0
25/12/19 1:33,APN,[],Not playing,F18566E7-A3CE-4ABA-A0F7-B4C2220923D4,Portrait,0e77081b0d49a57da167d462458760545225931692ecf57aaba56c60f198d6a6,0.289999992,FALSE,Connected,,0,0,0,0,,0,0,0,0,-0.753956139,0.245775923,0.609216154,0.454523683,-0.474393755,0.7538957,0.474297792,0.845307469,0.245961085,-0.494275219,-1.028247272,-0.282952136,-0.000739482,-0.000797911,-0.001513804,-0.00342828,0.002077103,-0.001286983,-0.757324219,0.476470947,-0.455810547,-0.75389576,0.474393755,-0.454523683,-0.008689894,0.006268548,-0.01184148,0,0,0
25/12/19 1:38,APN,[],Not playing,691EFFA1-BBA1-4525-9C65-B90FDE455DFF,Portrait,0e77081b0d49a57da167d462458760545225931692ecf57aaba56c60f198d6a6,0.289999992,FALSE,Connected,,0,0,0,0,,0,0,0,0,-0.753631413,0.246309713,0.609402478,0.45452559,-0.47444573,0.753861964,0.474811941,0.845122933,0.24560307,-0.494334312,-1.028225586,-0.283592924,-0.000523154,-0.000487704,0.001231063,-0.00447017,0.001796842,-0.001589477,-0.758331299,0.476242065,-0.456115723,-0.753861964,0.47444576,-0.45452559,-0.00858683,0.00650051,-0.009092298,0,0,0
25/12/19 1:43,APN,[],Not playing,65C7F0F7-2449-4FC5-A13B-6397E5A903E6,Portrait,0e77081b0d49a57da167d462458760545225931692ecf57aaba56c60f198d6a6,0.280000001,FALSE,Connected,,0,0,0,0,,0,0,0,0,-0.753897727,0.245717973,0.609311938,0.454601526,-0.474455774,0.753809869,0.47431618,0.845289588,0.245987296,-0.494345677,-1.028121155,-0.282894602,4.59E-05,-0.000683489,0.002198982,-0.003468871,0.002305269,-0.002246439,-0.757278442,0.476760864,-0.456848145,-0.753809869,0.474455774,-0.454601526,-0.008191084,0.006544719,-0.008284295,0,0,0
25/12/19 1:48,APN,[],Not playing,99AEF832-63FC-4449-80A8-D2E38EED7ECB,Portrait,0e77081b0d49a57da167d462458760545225931692ecf57aaba56c60f198d6a6,0.280000001,FALSE,Connected,,0,0,0,0,,0,0,0,0,-0.754013836,0.245695516,0.609177291,0.454456896,-0.474485219,0.753878534,0.474270165,0.845279574,0.246110365,-0.494379164,-1.028302155,-0.282873268,-0.001862988,0.000560702,0.000724329,-0.003262937,0.001726538,-0.002131641,-0.757141113,0.476211548,-0.456588745,-0.753878534,0.474485248,-0.454456896,-0.009883257,0.007684551,-0.009547698,0,0,0
25/12/19 1:53,APN,[],Not playing,159EEFB4-898C-432D-978D-2DED8512E09A,Portrait,0e77081b0d49a57da167d462458760545225931692ecf57aaba56c60f198d6a6,0.280000001,FALSE,Connected,,0,0,0,0,,0,0,0,0,-0.753749907,0.246125251,0.609330237,0.454464763,-0.474520862,0.753851235,0.474681735,0.845134497,0.24581486,-0.494419634,-1.028278482,-0.283388074,0.000712114,0.000930878,0.00192487,-0.003701627,0.001461655,-0.001864791,-0.757553101,0.475982666,-0.456329346,-0.753851235,0.474520862,-0.454464734,-0.007211308,0.008007326,-0.008432633,0,0,0
25/12/19 1:58,APN,[],Playing,2677B1A7-1E9D-433C-9EEF-83F014FED229,Portrait,0e77081b0d49a57da167d462458760545225931692ecf57aaba56c60f198d6a6,0.270000011,FALSE,Connected,,0,0,0,0,,0,0,0,0,-0.753671706,0.24563171,0.609626055,0.454970956,-0.474401772,0.753620803,0.474320829,0.845344901,0.245787963,-0.494284358,-1.027650878,-0.282782959,0.000459161,0.0008271,0.001195746,-0.003337324,0.001428336,-0.002731621,-0.756958008,0.475830078,-0.457702637,-0.753620803,0.474401772,-0.454970956,-0.00746564,0.007901865,-0.00916154,0,0,0
25/12/19 2:03,APN,[],Not playing,2439B1D6-1D71-4AEA-9276-37F6A6F6352F,Portrait,0e77081b0d49a57da167d462458760545225931692ecf57aaba56c60f198d6a6,0.270000011,FALSE,Connected,,0,0,0,0,,0,0,0,0,-0.753645182,0.245887578,0.609555781,0.454801857,-0.474445373,0.753695488,0.474525243,0.845246077,0.245733351,-0.494333873,-1.027859197,-0.283093402,-0.000279064,-0.001071308,-0.001820043,-0.003415883,0.00204131,-0.002442539,-0.757110596,0.476486206,-0.457244873,-0.753695488,0.474445373,-0.454801828,-0.008403871,0.006027532,-0.012201538,0,0,0
25/12/19 2:08,APN,[],Not playing,E7599BFE-DFDD-48CD-AE48-3544F571A47D,Portrait,0e77081b0d49a57da167d462458760545225931692ecf57aaba56c60f198d6a6,0.270000011,FALSE,Connected,,0,0,0,0,,0,0,0,0,-0.75368309,0.245891541,0.609507263,0.454895049,-0.474190831,0.753799438,0.474375665,0.845387757,0.245534748,-0.4940447,-1.027829543,-0.283052766,-0.00061946,0.001459511,-0.001397491,-0.003509402,0.002447933,-0.001998961,-0.75730896,0.476638794,-0.456893921,-0.753799438,0.474190801,-0.454895049,-0.008774051,0.00877192,-0.011748003,0,0,0
25/12/19 2:13,APN,[],Not playing,9B541CE5-810F-4725-A47C-F57FA00B885D,Portrait,0e77081b0d49a57da167d462458760545225931692ecf57aaba56c60f198d6a6,0.270000011,FALSE,Connected,,0,0,0,0,,0,0,0,0,-0.753836453,0.245786995,0.609359741,0.454675019,-0.474374235,0.753816783,0.474342942,0.845315218,0.245847374,-0.494253019,-1.028053713,-0.282961749,0.000200001,-0.001803069,0.000794643,-0.003583431,0.002279699,-0.002875268,-0.757400513,0.476654053,-0.457550049,-0.753816724,0.474374205,-0.454675019,-0.007929828,0.005602226,-0.00953172,0,0,0
25/12/19 2:18,APN,[],Not playing,6CF30224-7823-4D0F-97D0-43ECD1754320,Portrait,0e77081b0d49a57da167d462458760545225931692ecf57aaba56c60f198d6a6,0.25999999,FALSE,Connected,,0,0,0,0,,0,0,0,0,-0.753907502,0.245664015,0.609321475,0.454789519,-0.474165589,0.753879011,0.474120229,0.845468044,0.245751604,-0.494016072,-1.027978872,-0.282779166,-0.000239229,-0.001153701,0.000235983,-0.003568232,0.002885729,-0.00304985,-0.757446289,0.477050781,-0.457839966,-0.753878951,0.474165589,-0.45478949,-0.008435297,0.006255765,-0.010055563,0,0,0
25/12/19 2:26,APN,[],Not playing,6AA5182E-55D3-4E24-A19B-593B7F9D295B,Portrait,0e77081b0d49a57da167d462458760545225931692ecf57aaba56c60f198d6a6,0.25999999,FALSE,Connected,,0,0,0,0,,0,0,0,0,-0.753676176,0.245710492,0.609588981,0.455100447,-0.474064112,0.753755212,0.474189818,0.845511436,0.245467812,-0.493900812,-1.027603892,-0.282816091,-0.000124148,0.000377036,-0.001792439,-0.003751636,0.002284497,-0.002098978,-0.757354736,0.477401733,-0.457550049,-0.753755212,0.474064112,-0.455100447,-0.008428905,0.007617972,-0.012103002,0,0,0
25/12/19 2:33,APN,[],Not playing,3911C607-6D78-4113-B57E-EF9469798988,Portrait,0e77081b0d49a57da167d462458760545225931692ecf57aaba56c60f198d6a6,0.25999999,FALSE,Connected,,0,0,0,0,,0,0,0,0,-0.753714979,0.245493889,0.609628081,0.455195814,-0.474075943,0.753690064,0.474036306,0.845567703,0.245570391,-0.493914249,-1.027472933,-0.282562034,0.00049217,0.0008216,0.000484006,-0.003573477,0.002730966,-0.001865685,-0.757263184,0.476806641,-0.457061768,-0.753690064,0.474075943,-0.455195785,-0.007836351,0.008062454,-0.009871007,0,0,0
25/12/19 2:38,APN,[],Not playing,B0648309-FE0A-4CF3-8BFD-75B764CF1632,Portrait,0e77081b0d49a57da167d462458760545225931692ecf57aaba56c60f198d6a6,0.25,FALSE,Connected,,0,0,0,0,,0,0,0,0,-0.753613889,0.245634779,0.609696388,0.455161721,-0.474185616,0.753641784,0.474229902,0.845465302,0.245549306,-0.494038833,-1.027477718,-0.282748143,-0.000539158,-0.002645063,0.001830067,-0.003392875,0.002224505,-0.001823604,-0.757034302,0.476409912,-0.456985474,-0.753641784,0.474185646,-0.455161691,-0.008874718,0.004574512,-0.008582569,0,0,0
25/12/19 2:43,APN,[],Not playing,3891B4E1-BC4E-45AE-ABC4-3699088C2FAA,Portrait,0e77081b0d49a57da167d462458760545225931692ecf57aaba56c60f198d6a6,0.25,FALSE,Connected,,0,0,0,0,,0,0,0,0,-0.753612518,0.245607719,0.609709084,0.455191612,-0.474168926,0.753634214,0.474203497,0.845482528,0.245540962,-0.494019855,-1.027444206,-0.282713177,-0.000409856,0.00120431,-0.00132121,-0.003384292,0.002301723,-0.002740264,-0.757019043,0.476470947,-0.457931519,-0.753634274,0.474168926,-0.455191612,-0.008617989,0.008258729,-0.01173016,0,0,0
25/12/19 2:48,APN,[],Not playing,9A19BBDF-53A1-4C0C-9F05-289E4CE74CA1,Portrait,0e77081b0d49a57da167d462458760545225931692ecf57aaba56c60f198d6a6,0.25,FALSE,Connected,,0,0,0,0,,0,0,0,0,-0.753446519,0.245475128,0.60996753,0.455445498,-0.474245727,0.753432453,0.474223435,0.845477939,0.245518193,-0.494107063,-1.027078871,-0.282569973,-0.001747652,-0.00186409,0.001206188,-0.004365683,0.001203477,-0.002180219,-0.757797241,0.475448608,-0.457626343,-0.753432453,0.474245697,-0.455445498,-0.010000437,0.005113003,-0.009176721,0,0,0
25/12/19 2:53,APN,[],Playing,AE822E54-DE80-4DBD-8A77-557F4186E490,Portrait,0e77081b0d49a57da167d462458760545225931692ecf57aaba56c60f198d6a6,0.25,FALSE,Connected,,0,0,0,0,,0,0,0,0,-0.753464103,0.245359629,0.609992206,0.455565274,-0.474135876,0.753429174,0.474080324,0.845573068,0.245467007,-0.493982303,-1.026960521,-0.28241389,0.001935805,-0.001423019,0.002722188,-0.004413784,0.002304554,-0.002289891,-0.757843018,0.47644043,-0.457855225,-0.753429174,0.474135876,-0.455565274,-0.006316485,0.005794506,-0.007613711,0,0,0
25/12/19 2:58,APN,[],Not playing,8DCD7ECC-4C30-4D62-A932-F17597ADB785,Portrait,0e77081b0d49a57da167d462458760545225931692ecf57aaba56c60f198d6a6,0.239999995,FALSE,Connected,,0,0,0,0,,0,0,0,0,-0.753467917,0.24553971,0.609915078,0.455498666,-0.474023998,0.75353992,0.474138319,0.845583558,0.245318815,-0.493855235,-1.027090295,-0.282606978,-0.001107604,0.004824926,-0.001823422,-0.003357351,0.002660781,-0.002066493,-0.756896973,0.47668457,-0.457565308,-0.75353986,0.474023998,-0.455498666,-0.009386578,0.011881693,-0.012063321,0,0,0
25/12/19 3:03,APN,[],Not playing,1D498098-397E-478F-B5BD-A7CD763EF257,Portrait,0e77081b0d49a57da167d462458760545225931692ecf57aaba56c60f198d6a6,0.239999995,FALSE,Connected,,0,0,0,0,,0,0,0,0,-0.753438473,0.24544704,0.609988689,0.45561415,-0.473997176,0.753486872,0.474074006,0.84562546,0.245298594,-0.493824817,-1.026946916,-0.282492644,-0.002216445,0.001572394,-0.001277232,-0.003791094,0.002427727,-0.001188576,-0.757278442,0.476425171,-0.456802368,-0.753486872,0.473997205,-0.45561415,-0.010591391,0.008633702,-0.011564777,0,0,0
25/12/19 3:08,APN,[],Not playing,99A31394-766F-4C5F-A20F-866F5CF63835,Portrait,0e77081b0d49a57da167d462458760545225931692ecf57aaba56c60f198d6a6,0.239999995,FALSE,Connected,,0,0,0,0,,0,0,0,0,-0.753800333,0.245167136,0.609654129,0.455447912,-0.473841786,0.753685057,0.473658442,0.845793724,0.245521218,-0.493648339,-1.027224924,-0.28213413,0.003377157,0.000866262,0.001033606,-0.003486097,0.002399981,-0.002941728,-0.757171631,0.476242065,-0.458389282,-0.753685057,0.473841786,-0.455447912,-0.004858938,0.008069112,-0.009247295,0,0,0
25/12/19 3:13,APN,[],Not playing,B271674A-9A2A-4AF7-9C52-33BF3D410B25,Portrait,0e77081b0d49a57da167d462458760545225931692ecf57aaba56c60f198d6a6,0.230000004,FALSE,Connected,,0,0,0,0,,0,0,0,0,-0.753477156,0.245371863,0.609971166,0.455626547,-0.473982722,0.753488481,0.474000663,0.845655382,0.245337233,-0.493808402,-1.026935808,-0.282401185,-0.001525144,-0.002236807,0.001832674,-0.004064679,0.001176,-0.001602948,-0.757553101,0.475158691,-0.457229614,-0.753488481,0.473982751,-0.455626547,-0.009796704,0.004908472,-0.0083823,0,0,0
25/12/19 3:18,APN,[],Not playing,CCEB1775-0733-47B5-BD83-C5C00B45155E,Portrait,0e77081b0d49a57da167d462458760545225931692ecf57aaba56c60f198d6a6,0.230000004,FALSE,Connected,,0,0,0,0,,0,0,0,0,-0.753578007,0.245122626,0.609946847,0.455646873,-0.474032104,0.753445089,0.473820806,0.845699966,0.245530799,-0.493864486,-1.026890586,-0.282115216,-0.003281193,-0.000143937,-0.001754207,-0.003605545,0.003416091,-0.001871884,-0.757049561,0.47744751,-0.457519531,-0.753445089,0.474032134,-0.455646873,-0.011561581,0.007191334,-0.012022574,0,0,0
25/12/19 3:26,APN,[],Not playing,9EEFB541-FB71-4B29-A566-A5DACFAFEB76,Portrait,0e77081b0d49a57da167d462458760545225931692ecf57aaba56c60f198d6a6,0.230000004,FALSE,Connected,,0,0,0,0,,0,0,0,0,-0.753233612,0.245258749,0.610317409,0.455959737,-0.474064559,0.7532354,0.47406742,0.845642328,0.245253175,-0.493901297,-1.026463302,-0.282281935,0.002318746,-0.000272047,0.002477033,-0.004195988,0.001506388,-0.002291918,-0.75743103,0.475570679,-0.458251953,-0.753235459,0.474064529,-0.455959737,-0.006111422,0.006905044,-0.007919442,0,0,0
25/12/19 3:33,APN,[],Not playing,2F80E88B-AAD4-4A9D-9100-EC1703225BA8,Portrait,0e77081b0d49a57da167d462458760545225931692ecf57aaba56c60f198d6a6,0.219999999,FALSE,Connected,,0,0,0,0,,0,0,0,0,-0.753379941,0.245206237,0.610157847,0.455858707,-0.473987371,0.753345132,0.473932058,0.8457008,0.245313168,-0.493813667,-1.026625958,-0.282206143,-0.000441047,0.001784382,0.00139997,-0.003628433,0.002148002,-0.001614928,-0.756973267,0.476135254,-0.457473755,-0.753345132,0.473987371,-0.455858707,-0.00895195,0.008964999,-0.008912534,0,0,0
25/12/19 3:38,APN,[],Not playing,7D15AD7F-709E-466D-99AE-A7CE55A15115,Portrait,0e77081b0d49a57da167d462458760545225931692ecf57aaba56c60f198d6a6,0.219999999,FALSE,Connected,,0,0,0,0,,0,0,0,0,-0.753280938,0.245252773,0.610261381,0.455876291,-0.474116623,0.753253162,0.474072516,0.84561491,0.245338008,-0.493960435,-1.026554787,-0.28228411,0.000416729,-0.00200864,0.001158178,-0.003963172,0.0013313,-0.001674533,-0.757217407,0.475448608,-0.457550049,-0.753253162,0.474116623,-0.455876321,-0.007906925,0.005020591,-0.009227321,0,0,0
25/12/19 3:43,APN,[],Not playing,A649E42C-6313-4C80-B90C-30750CEB401F,Portrait,0e77081b0d49a57da167d462458760545225931692ecf57aaba56c60f198d6a6,0.219999999,FALSE,Connected,,0,0,0,0,,0,0,0,0,-0.753551781,0.244934812,0.610054672,0.455847263,-0.473964185,0.753366649,0.473669797,0.845792472,0.245503679,-0.493787342,-1.026649743,-0.281881122,0.000900635,-0.00274094,0.002144198,-0.003760636,0.003011227,-0.002495229,-0.757125854,0.476974487,-0.458343506,-0.753366649,0.473964214,-0.455847234,-0.007413175,0.004384895,-0.008139686,0,0,0
25/12/19 3:48,APN,[],Not playing,4E90C8E7-6C44-4381-B183-2B3E6D2184A5,Portrait,0e77081b0d49a57da167d462458760545225931692ecf57aaba56c60f198d6a6,0.219999999,FALSE,Connected,,0,0,0,0,,0,0,0,0,-0.753383994,0.245127171,0.610184491,0.456012636,-0.473800987,0.753369093,0.473777264,0.845828116,0.245173067,-0.493602016,-1.026490498,-0.28207966,-0.000245762,-0.000786964,0.001339935,-0.004381418,0.002196312,-0.001675367,-0.757751465,0.475997925,-0.457687378,-0.753369093,0.473801017,-0.456012636,-0.008787633,0.006288256,-0.009081912,0,0,0
25/12/19 3:53,APN,[],Not playing,CF4EA05B-509D-4249-ADEC-3F29DE356BEB,Portrait,0e77081b0d49a57da167d462458760545225931692ecf57aaba56c60f198d6a6,0.209999993,FALSE,Connected,,0,0,0,0,,0,0,0,0,-0.753364325,0.245106295,0.610217214,0.455954522,-0.473973989,0.753295541,0.473864555,0.845737278,0.245317772,-0.493798447,-1.026503713,-0.282085602,0.000988727,0.001866729,-0.000534303,-0.003967822,0.001993507,-0.00182426,-0.757263184,0.475967407,-0.457778931,-0.753295541,0.473973989,-0.455954522,-0.007171893,0.009096559,-0.010903248,0,0,0
25/12/19 3:58,APN,[],Not playing,E0C9127E-0C10-4133-86D2-92E45D12A5EE,Portrait,0e77081b0d49a57da167d462458760545225931692ecf57aaba56c60f198d6a6,0.209999993,FALSE,Connected,,0,0,0,0,,0,0,0,0,-0.753244936,0.245446891,0.610227823,0.455863595,-0.473979056,0.753347456,0.474142015,0.845635712,0.24513194,-0.493804183,-1.026622588,-0.282489222,0.000853861,-0.000481891,-0.000679238,-0.003061891,0.003178924,-0.001960635,-0.756408691,0.477157593,-0.457824707,-0.753347456,0.473979026,-0.455863595,-0.007522897,0.006782006,-0.011162906,0,0,0
25/12/19 4:03,APN,[],Not playing,D749B5E7-6F51-4F0E-97D7-A36E0BD91D29,Portrait,0e77081b0d49a57da167d462458760545225931692ecf57aaba56c60f198d6a6,0.209999993,FALSE,Connected,,0,0,0,0,,0,0,0,0,-0.753161073,0.244745299,0.61061275,0.456653506,-0.473618776,0.753095388,0.473514229,0.846040726,0.244947508,-0.493395091,-1.025707075,-0.281596033,0.001083267,0.000501225,0.001008507,-0.004045665,0.002348602,-0.002391934,-0.757141113,0.475967407,-0.45904541,-0.753095388,0.473618776,-0.456653506,-0.007297061,0.007764446,-0.009477125,0,0,0
25/12/19 2:11,BACKGROUND,[],Not playing,0820875C-F1A1-4535-9D42-77D0C17F087C,Portrait,0e77081b0d49a57da167d462458760545225931692ecf57aaba56c60f198d6a6,0.209999993,FALSE,Connected,,0,0,0,0,,0,0,0,0,-0.290129125,0.004496604,0.95697695,0.956487656,-0.030954812,0.290126204,0.030927625,0.999510646,0.004679947,-0.030959759,-0.294504064,-0.004498775,-0.00139044,-0.002485108,-0.000613901,-0.006092578,-4.05E-05,-0.017160475,-0.295852661,0.030715942,-0.973800659,-0.290126204,0.030954814,-0.956487656,-0.012017248,0.00807284,-0.00827817,0,0,0
25/12/19 2:11,APN,[],Not playing,6A2D564F-0C9D-47FE-94C3-2F686E62E79A,Portrait,0e77081b0d49a57da167d462458760545225931692ecf57aaba56c60f198d6a6,0.219999999,FALSE,Connected,,0,0,0,0,,0,0,0,0,-0.298312455,0.005938011,0.954449832,0.953713417,-0.037907515,0.298318118,0.037952233,0.999263585,0.005645121,-0.037916596,-0.303154894,-0.005942317,-0.001500349,0.001676213,-0.001229521,-0.005759031,0.000865072,-0.01772213,-0.304077148,0.038772583,-0.971435547,-0.298318148,0.037907511,-0.953713417,-0.008376973,0.009264072,-0.011651063,0,0,0
25/12/19 2:13,APN,[],Not playing,0E792958-11AE-4830-97F2-0FBE6EA3F2A0,Portrait,0e77081b0d49a57da167d462458760545225931692ecf57aaba56c60f198d6a6,0.239999995,FALSE,Connected,,0,0,0,0,,0,0,0,0,-0.298051655,0.005848956,0.954531848,0.953791916,-0.038014799,0.298053563,0.038029641,0.999260068,0.005751685,-0.038023961,-0.302878742,-0.00585322,0.002119677,-0.000792849,0.002649353,-0.004207075,0.000498291,-0.015217602,-0.302307129,0.039001465,-0.968322754,-0.298053563,0.038014799,-0.953791916,-0.0064065,0.006303968,-0.006975085,0,0,0
25/12/19 2:18,APN,[],Not playing,C1F6E50D-2AED-4ED2-873E-B71405C30A3F,Portrait,0e77081b0d49a57da167d462458760545225931692ecf57aaba56c60f198d6a6,0.289999992,FALSE,Connected,,0,0,0,0,,0,0,0,0,-0.295883894,0.002183804,0.955221415,0.955091238,-0.015990978,0.295880139,0.015921069,0.999869764,0.002645741,-0.01599166,-0.300416399,-0.002184085,0.002283668,-0.001443696,0.001046848,-0.007403463,0.00122093,-0.016298592,-0.303161621,0.017272949,-0.971420288,-0.295880139,0.015990978,-0.955091238,-0.003768639,0.005147092,-0.010190586,0,0,0
25/12/19 2:23,APN,[],Not playing,F080F383-82E4-42B7-B593-1D889EE4305C,Portrait,0e77081b0d49a57da167d462458760545225931692ecf57aaba56c60f198d6a6,0.340000004,FALSE,Connected,,0,0,0,0,,0,0,0,0,0.185236081,0.011032384,0.982632101,0.975266695,0.120644487,-0.185202137,-0.120592363,0.992634475,0.011588192,0.120939085,0.187664429,-0.011113788,-0.007403697,-0.00407471,-0.001697766,0.002282575,-0.000693381,-0.010740995,0.188217163,-0.120849609,-0.984573364,0.185202137,-0.120644487,-0.975266695,-0.015886554,0.003060238,-0.011516574,0,0,0
25/12/19 2:23,BACKGROUND,[],Not playing,85581BD8-7FBA-491D-852F-2C45545DCE05,Portrait,0e77081b0d49a57da167d462458760545225931692ecf57aaba56c60f198d6a6,0.289999992,FALSE,Connected,,0,0,0,0,,0,0,0,0,0.184095278,0.020354927,0.982697606,0.975266695,0.120644487,-0.185202137,-0.122326829,0.992487073,0.002358594,0.120939089,0.187664432,-0.020506134,-0.007403697,-0.00407471,-0.001697766,0.002282575,-0.000693381,-0.010740995,-0.299591064,0.015472412,-0.968063354,0.185202137,-0.120644487,-0.975266695,-0.006377206,0.005015265,-0.106587164,0,0,0
25/12/19 2:28,APN,[],Not playing,E004155E-618F-42D0-8BE6-81463CEF7747,Portrait,0e77081b0d49a57da167d462458760545225931692ecf57aaba56c60f198d6a6,0.409999996,FALSE,Connected,,0,0,0,0,,0,0,0,0,0.161315933,0.01142266,0.986836731,0.976973593,0.139636874,-0.161319926,-0.139641494,0.990136921,0.011366012,0.140094672,0.163645476,-0.011535933,-0.000737369,-0.001321939,-0.000947857,0.003200263,-0.001262754,-0.014023721,0.16468811,-0.140792847,-0.991119385,0.161319926,-0.139636859,-0.976973593,-0.007339938,0.006780408,-0.008955412,0,0,0
25/12/19 2:33,BACKGROUND,[],Not playing,AF79E65D-6393-4E73-AA02-0714C6A22862,Portrait,0e77081b0d49a57da167d462458760545225931692ecf57aaba56c60f198d6a6,0.409999996,FALSE,Connected,,0,0,0,0,,0,0,0,0,0.161335364,0.011437091,0.986833394,0.976957858,0.139723644,-0.161340192,-0.139729217,0.990124464,0.01136881,0.140182311,0.163668265,-0.011550651,0.003979336,0.01132587,-0.02423181,0.001013398,-0.003831133,-0.011063993,0.161865234,-0.142608643,-0.987945557,0.161340192,-0.139723644,-0.976957858,-0.00460647,0.018337728,-0.033902306,0,0,0
25/12/19 2:33,APN,[],Not playing,5F3615F2-5A38-42BE-A05D-A12579D7E2C1,Portrait,0e77081b0d49a57da167d462458760545225931692ecf57aaba56c60f198d6a6,0.460000008,FALSE,Connected,,0,0,0,0,,0,0,0,0,0.156885728,0.01463854,0.987508237,0.970844388,0.181206688,-0.156924501,-0.181240246,0.983336091,0.014217001,0.182213316,0.160251124,-0.01488551,0.002326881,-0.002352324,0.068778522,-0.002886996,-0.009833381,-0.014278293,0.154922485,-0.193130493,-0.986099243,0.156924501,-0.181206688,-0.970844388,-0.00634365,0.004903945,0.059179433,0,0,0
25/12/19 2:38,APN,[],Not playing,4A838253-F2D2-4B81-A4FB-FD91AA26BCA9,Portrait,0e77081b0d49a57da167d462458760545225931692ecf57aaba56c60f198d6a6,0.469999999,FALSE,Connected,,0,0,0,0,,0,0,0,0,-0.08065968,-0.008438586,0.996705949,0.979803562,0.182892978,0.080840282,-0.182972699,0.9830966,-0.006483932,0.183928267,-0.082320174,0.008583468,0.034114648,0.021692097,-0.002154269,-0.003433764,-0.00277549,-0.013253748,-0.084274292,-0.185668945,-0.993057251,-0.08084029,-0.182892978,-0.979803562,0.025662219,0.02885535,-0.01193975,0,0,0
25/12/19 2:43,BACKGROUND,[],Not playing,9902CC5D-17C5-445F-8BE5-C307343DFF3C,Portrait,0e77081b0d49a57da167d462458760545225931692ecf57aaba56c60f198d6a6,0.469999999,FALSE,Connected,,0,0,0,0,,0,0,0,0,-0.08072488,-0.00747776,0.996708393,0.979751885,0.183219999,0.080726147,-0.183220565,0.983043492,-0.007464065,0.184260904,-0.082208784,0.007606597,-0.003782219,-0.011309287,0.083997928,-0.000206254,-0.001853377,-0.017760992,-0.079574585,-0.183898926,-0.997314453,-0.080726147,-0.183219999,-0.979751885,-0.011327489,-0.00645497,0.057862502,0,0,0
25/12/19 2:43,APN,[],Not playing,57AEBABB-0151-44EA-98B1-03A74D3BA00F,Portrait,0e77081b0d49a57da167d462458760545225931692ecf57aaba56c60f198d6a6,0.469999999,FALSE,Connected,,0,0,0,0,,0,0,0,0,-0.099416062,-0.002787123,0.995042026,0.992950439,0.064586446,0.099388003,-0.064543232,0.997908235,-0.003653453,0.064631427,-0.099761338,0.002792958,-0.001109096,-0.000902152,-0.060017917,0.002159238,-0.001010932,-0.012481689,-0.098236084,-0.065139771,-1.003372192,-0.099387996,-0.064586438,-0.992950439,-0.009372995,0.006243515,-0.069963641,0,0,0
25/12/19 2:48,APN,[],Not playing,03F03D31-C30C-423E-BB0F-B0AA6F72EC3B,Portrait,0e77081b0d49a57da167d462458760545225931692ecf57aaba56c60f198d6a6,0.469999999,FALSE,Connected,,0,0,0,0,,0,0,0,0,-0.040091947,-0.002704385,0.999192357,0.990231872,0.13354136,0.040093854,-0.133541927,0.991039574,-0.002675964,0.133941497,-0.040467254,0.00272883,-0.001647498,-0.003007999,-0.001072533,-0.001440581,-0.002963796,-0.018053651,-0.041397095,-0.136352539,-1.007888794,-0.040093854,-0.13354136,-0.990231872,-0.009986055,0.006948453,-0.00965316,0,0,0
25/12/19 2:56,APN,[],Playing,D6A8A564-26F1-4A54-973D-C49CE30C5478,Portrait,0e77081b0d49a57da167d462458760545225931692ecf57aaba56c60f198d6a6,0.460000008,FALSE,Connected,,0,0,0,0,,0,0,0,0,-0.035873853,-0.002341945,0.999353588,0.989858866,0.137454748,0.035855137,-0.137449861,0.990505278,-0.002612836,0.137891302,-0.036206644,0.002364389,-0.000811155,-0.004314246,1.99E-05,0.001065027,-0.00204137,-0.016046226,-0.03465271,-0.139587402,-1.00630188,-0.035855137,-0.137454733,-0.989858866,-0.00900974,0.002862099,-0.009695238,0,0,0
25/12/19 2:56,BACKGROUND,[],Not playing,182A1CAA-07A7-4072-A5C1-B22FEB02101A,Portrait,0e77081b0d49a57da167d462458760545225931692ecf57aaba56c60f198d6a6,0.469999999,FALSE,Connected,,0,0,0,0,,0,0,0,0,-0.036014583,-0.001327135,0.999350369,0.989858925,0.137454495,0.035855066,-0.137412801,0.990507185,-0.003636689,0.137891068,-0.036206573,0.001339854,-0.000811155,-0.004314246,1.99E-05,0.001065027,-0.00204137,-0.016046226,-0.03817749,-0.133148193,-1.004562378,-0.03585507,-0.13745451,-0.989858925,-0.016047142,0.002063417,-0.00892958,0,0,0
25/12/19 2:56,BACKGROUND,[],Playing,40C7DC51-3ADA-4447-B25C-FC6E6F785113,Portrait,0e77081b0d49a57da167d462458760545225931692ecf57aaba56c60f198d6a6,0.460000008,FALSE,Connected,,0,0,0,0,,0,0,0,0,-0.035775241,-0.002593647,0.999356508,0.989859164,0.137469336,0.035792027,-0.137473717,0.990502656,-0.002350653,0.137906049,-0.03614296,0.002618511,0.002162921,0.012572005,-0.047100782,-0.000462852,-7.33E-05,-0.014810085,-0.037124634,-0.138702393,-1.004852295,-0.035792027,-0.137469351,-0.989859164,-0.006764962,-0.002897786,0.06496755,0,0,0
25/12/19 2:58,APN,[],Playing,60432D4A-2573-400D-81D6-11CBA1752175,Portrait,0e77081b0d49a57da167d462458760545225931692ecf57aaba56c60f198d6a6,0.449999988,FALSE,Connected,,0,0,0,0,,0,0,0,0,-0.060856014,-0.002638344,0.998143077,0.993765116,0.093433827,0.060836062,-0.093420833,0.995621979,-0.003064115,0.093570304,-0.061141447,0.002649939,0.002696483,-3.37E-05,-0.002409039,0.000350319,-0.001582503,-0.013543844,-0.060592651,-0.095306396,-1.007293701,-0.060836062,-0.09343382,-0.993765116,-0.005932191,0.007309046,-0.0121299,0,0,0
25/12/19 3:03,APN,[],Not playing,C39B153C-5B03-4302-BDA6-4018249EF19C,Portrait,0e77081b0d49a57da167d462458760545225931692ecf57aaba56c60f198d6a6,0.439999998,FALSE,Connected,,0,0,0,0,,0,0,0,0,-0.032814942,-0.002259674,0.999458909,0.988846123,0.145285249,0.032794975,-0.145280749,0.989387214,-0.002533059,0.145801282,-0.033152739,0.002283908,-0.002521829,0.002531296,-0.001928785,-0.00089648,-0.001412943,-0.014983773,-0.033477783,-0.146774292,-1.002975464,-0.032794975,-0.145285249,-0.988846123,-0.010661166,0.009807889,-0.012008992,0,0,0
25/12/19 3:08,BACKGROUND,[],Not playing,F019D425-7B2A-41F9-AEE4-4D95CA2E10AE,Portrait,0e77081b0d49a57da167d462458760545225931692ecf57aaba56c60f198d6a6,0.439999998,FALSE,Connected,,0,0,0,0,,0,0,0,0,-0.03259138,-0.002370498,0.999465942,0.988852859,0.145285487,0.032589883,-0.145285159,0.989386916,-0.002390982,0.145801519,-0.032945337,0.002395921,0.0015414,0.000292922,0.000345662,-0.000124928,-0.000390038,-0.012291551,-0.03302002,-0.147476196,-1.002914429,-0.032589883,-0.145285487,-0.988852859,-0.006981743,0.007584683,-0.009605756,0,0,0
